C00000422|02012017|100|1|100
C00000422|02032017|500|18|11958
C00000422|02062017|41|1|41
C00000422|02102017|500|9|8281
C00000422|02162017|208|38|7196
C00000422|02172017|500|7|5600
C00000422|02232017|500|3|1250
C00000422|02272017|1000|28|24690
C00000422|02282017|500|11|9000
C00003160|02272017|181|4|762
C00003418|01032017|250|213|82161
C00003418|01042017|250|241|188100
C00003418|01052017|1000|56|186843
C00003418|01062017|255|98|283053
C00003418|01092017|250|432|360475
C00003418|01102017|250|455|334644
C00003418|01112017|250|230|159946
C00003418|01122017|250|184|365390
C00003418|01132017|250|176|154725
C00003418|01172017|275|547|308572
C00003418|01182017|250|158|55743
C00003418|01192017|313|34|40240
C00003418|01202017|250|245|70689
C00003418|01232017|250|573|320061
C00003418|01242017|250|562|286765
C00003418|01252017|250|82|52123
C00003418|01262017|250|200|86006
C00003418|01272017|245|144|64166
C00003418|01302017|250|401|101335
C00003418|01312017|210|367|137751
C00003855|02062017|1375|2|2750
C00003855|02072017|500|3|5750
C00003855|02082017|1750|2|3500
C00003855|02102017|2500|1|2500
C00003855|02122017|500|1|500
C00003855|02132017|1250|2|2500
C00003855|02162017|1500|1|1500
C00003855|02212017|5000|2|10000
C00003855|02222017|1500|4|8210
C00003855|02232017|1500|1|1500
C00003855|02242017|1500|5|13500
C00003855|02262017|5000|1|5000
C00003855|02272017|1500|5|7500
C00004473|02062017|365|9|3285
C00004473|02152017|365|58|24095
C00004473|02212017|365|19|5730
C00004473|02282017|410|12|6145
C00004606|02212017|250|1|250
C00005462|01302017|250|4|1000
C00007070|02282017|250|19|5655
C00009282|02062017|5000|3|12000
C00009282|02152017|151|143|20864
C00009282|02222017|107|2|213
C00009282|02282017|89|201|24493
C00010033|01252017|500|1|500
C00010033|01302017|500|1|500
C00010124|01062017|2500|1|2500
C00010124|01072017|250|1|250
C00010124|01192017|1000|6|9000
C00010124|01242017|5000|2|10000
C00010439|01102017|207|1|207
C00010439|01112017|289|2|578
C00010439|01122017|1000|2|2000
C00010439|01132017|602|2|1204
C00010439|01142017|934|1|934
C00010439|01152017|211|1|211
C00010439|01172017|143|2|285
C00010439|01202017|513|2|1025
C00010439|01232017|278|4|1670
C00010439|01242017|266|2|531
C00010439|01262017|218|1|218
C00010439|01272017|218|5|2446
C00010439|01282017|934|1|934
C00010439|01302017|1000|3|2540
C00010603|01012017|100|16|7484
C00010603|01022017|50|15|44700
C00010603|01032017|50|44|8264
C00010603|01042017|245|84|21313
C00010603|01052017|225|37|41755
C00010603|01062017|50|30|4418
C00010603|01072017|50|52|11280
C00010603|01082017|50|27|3915
C00010603|01092017|210|125|39560
C00010603|01102017|225|95|20833
C00010603|01112017|250|221|93060
C00010603|01122017|250|111|46270
C00010603|01132017|250|64|22689
C00010603|01142017|50|38|5199
C00010603|01152017|100|23|5075
C00010603|01162017|100|19|3140
C00010603|01172017|250|64|54747
C00010603|01182017|250|117|53301
C00010603|01192017|250|208|79118
C00010603|01202017|200|179|93677
C00010603|01212017|100|58|10150
C00010603|01222017|250|60|22147
C00010603|01232017|200|51|15973
C00010603|01242017|250|130|56180
C00010603|01252017|100|150|37586
C00010603|01262017|250|119|61560
C00010603|01272017|225|86|42462
C00010603|01282017|100|109|55250
C00010603|01292017|250|41|11454
C00010603|01302017|250|108|50691
C00010603|01312017|250|131|59881
C00018028|01032017|5000|1|5000
C00020818|02042017|255|4|2260
C00020818|02062017|216|1|216
C00020818|02132017|1000|1|1000
C00020818|02172017|2500|1|2500
C00020818|02232017|4600|2|9200
C00020818|02242017|216|1|216
C00023838|02012017|1375|2|2750
C00023838|02022017|250|2|500
C00023838|02032017|250|1|250
C00023838|02062017|1000|3|2250
C00023838|02072017|1000|1|1000
C00023838|02102017|100|1|100
C00023838|02142017|250|1|250
C00023838|02162017|500|1|500
C00023838|02212017|500|2|1000
C00023838|02222017|105|1|105
C00023838|02282017|60|6|560
C00024869|02172017|166|220|56990
C00025254|01102017|300|1|300
C00025254|01112017|250|1|250
C00025254|01122017|250|3|1000
C00025254|01142017|250|1|250
C00025254|01192017|250|1|250
C00025254|01202017|250|1|250
C00025254|01232017|250|1|250
C00025254|01242017|250|1|250
C00025254|01262017|500|1|500
C00025254|01292017|250|1|250
C00025254|01312017|375|2|750
C00027359|02062017|114|2|227
C00027466|01012017|250|17|8550
C00027466|01022017|250|7|2625
C00027466|01032017|250|10|1641
C00027466|01042017|200|25|54250
C00027466|01052017|250|22|12920
C00027466|01062017|500|13|8430
C00027466|01072017|250|3|750
C00027466|01082017|250|15|3330
C00027466|01092017|250|13|14090
C00027466|01102017|250|18|8010
C00027466|01112017|215|36|89219
C00027466|01122017|250|21|11580
C00027466|01132017|25|864|243496
C00027466|01142017|113|12|2205
C00027466|01152017|51|15|1592
C00027466|01162017|250|11|3715
C00027466|01172017|300|31|18447
C00027466|01182017|253|46|20897
C00027466|01192017|500|61|105741
C00027466|01202017|100|59|20740
C00027466|01212017|250|15|3950
C00027466|01222017|250|5|825
C00027466|01232017|500|28|24460
C00027466|01242017|250|38|20331
C00027466|01252017|500|32|32540
C00027466|01262017|500|26|151505
C00027466|01272017|250|20|9571
C00027466|01282017|250|16|5301
C00027466|01292017|250|21|8925
C00027466|01302017|250|67|106312
C00027466|01312017|300|93|213125
C00028787|02062017|100|15|4400
C00028787|02072017|125|18|9485
C00028787|02082017|500|36|20360
C00028787|02092017|245|32|18720
C00028787|02102017|500|23|11825
C00028787|02142017|350|2|700
C00028787|02212017|300|1|300
C00028787|02222017|975|2|1950
C00028787|02272017|50|1|50
C00028787|02282017|145|3|653
C00031054|01052017|360|9|5340
C00031054|01092017|360|3|1080
C00031054|01102017|360|1|360
C00031054|01122017|360|3|1920
C00031054|01232017|360|3|1320
C00031054|01242017|75|2|150
C00031054|01252017|120|1|120
C00031054|01272017|10|1|10
C00031054|01302017|986|1|986
C00033134|01042017|1000|5|21750
C00033134|01092017|250|1|250
C00033134|01102017|500|1|500
C00033134|01112017|10000|3|20500
C00033134|01172017|10000|1|10000
C00033134|01192017|1000|5|22250
C00033134|01262017|500|4|11250
C00034157|02012017|238|96|26801
C00034157|02152017|104|28|3937
C00034157|02282017|104|28|3937
C00034470|01132017|416|5|1665
C00039040|01312017|416|6|2380
C00039552|01312017|320|3|934
C00040220|01032017|10000|1|10000
C00040220|01092017|250|1|250
C00040220|01102017|250|1|250
C00040220|01132017|553|2|1105
C00040220|01192017|625|4|2500
C00040220|01202017|250|5|1890
C00040220|01262017|250|1|250
C00040220|01302017|250|1|250
C00040253|02032017|107|22|2682
C00040253|02172017|58|71|5530
C00040584|02152017|156|2|312
C00040584|02282017|156|2|312
C00041038|02282017|200|2|400
C00041061|02152017|250|3|750
C00041061|02242017|250|8|2250
C00042622|01202017|10000|1|10000
C00042622|01232017|250|1|250
C00042622|01242017|2750|2|5500
C00042622|01252017|250|1|250
C00044776|02012017|180|15|9005
C00044776|02062017|375|2|750
C00044776|02082017|200|4|850
C00044776|02142017|1000|3|2075
C00044776|02152017|150|9|5165
C00044776|02162017|2500|1|2500
C00044776|02222017|625|2|1250
C00044776|02272017|250|10|13550
C00044776|02282017|125|2|250
C00048702|02212017|183|8|1843
C00051979|02142017|1430|1|1430
C00051979|02282017|129|51|7486
C00060103|02152017|208|54|9688
C00060103|02282017|208|67|10425
C00064774|02282017|154|196|40129
C00068692|01312017|416|42|16594
C00074450|01102017|250|3|1000
C00074450|01112017|500|1|500
C00074450|01122017|625|2|1250
C00074450|01132017|275|4|1780
C00074450|01182017|225|1|225
C00074450|01202017|450|2|900
C00074450|01232017|250|2|500
C00074450|01242017|300|1|300
C00074450|01272017|750|2|1500
C00074450|01302017|175|2|350
C00075291|02282017|154|4|585
C00075473|02282017|171|16|3095
C00075820|01012017|174|2|347
C00075820|01022017|175|2|350
C00075820|01032017|230|10|2355
C00075820|01042017|250|9|2212
C00075820|01052017|250|9|2845
C00075820|01062017|250|8|36825
C00075820|01072017|100|5|800
C00075820|01082017|50|9|893
C00075820|01092017|300|23|10177
C00075820|01102017|250|27|18035
C00075820|01112017|300|21|12901
C00075820|01122017|325|15|7620
C00075820|01132017|250|18|8734
C00075820|01142017|375|2|750
C00075820|01152017|143|2|285
C00075820|01172017|301|72|44934
C00075820|01182017|250|24|10807
C00075820|01192017|250|13|5677
C00075820|01202017|50|18|27435
C00075820|01212017|175|2|350
C00075820|01222017|25|11|2662
C00075820|01232017|300|41|112846
C00075820|01242017|250|20|43574
C00075820|01252017|250|14|152830
C00075820|01262017|375|26|127870
C00075820|01272017|275|16|109035
C00075820|01282017|100|13|1385
C00075820|01292017|125|8|1145
C00075820|01302017|255|59|96172
C00075820|01312017|400|45|192906
C00075994|01202017|169|2|338
C00075994|02032017|100|10|1040
C00075994|02172017|100|11|1095
C00079541|01102017|500|1|500
C00079541|01122017|1500|1|1500
C00079541|01202017|300|1|300
C00079541|01262017|250|1|250
C00084368|01132017|250|3|1500
C00084368|01272017|240|1|240
C00087478|02042017|89|2|178
C00087478|02182017|89|2|178
C00089342|02242017|166|28|5902
C00093054|02092017|100|55|7088
C00093054|02232017|96|60|7155
C00095869|01052017|5000|1|5000
C00095869|01092017|500|1|500
C00095869|01132017|208|4|832
C00095869|01312017|208|5|936
C00096842|02092017|137|1|137
C00096842|02102017|155|78|15054
C00096842|02112017|165|2|329
C00097485|01312017|311|53|17234
C00099267|01162017|250|1|250
C00099267|01172017|10|1|10
C00099267|01202017|278|2|556
C00099267|01232017|8|1|8
C00099267|01242017|5|2|9
C00099267|01312017|39|1|39
C00101410|02282017|250|15|3999
C00105338|01312017|415|1|415
C00107235|01032017|500|17|8400
C00107235|01042017|500|26|11000
C00107235|01052017|500|5|2500
C00107235|01062017|300|9|3100
C00107235|01092017|500|9|3700
C00107235|01102017|500|26|10500
C00107235|01112017|500|1|500
C00107235|01132017|400|2|800
C00107235|01172017|300|7|2600
C00107235|01182017|300|5|1950
C00107235|01192017|325|1|325
C00107235|01242017|300|3|850
C00107235|01272017|500|1|500
C00107235|01312017|500|2088|1350500
C00107771|01312017|250|31|10015
C00110478|02172017|102|14|1629
C00110478|02222017|60|1|60
C00110478|02282017|100|15|1691
C00111567|02282017|62|1|62
C00113019|02172017|5000|3|15000
C00113019|02272017|5000|1|5000
C00113803|02062017|250|1|250
C00113803|02092017|1000|1|1000
C00113803|02132017|500|1|500
C00113803|02142017|500|1|500
C00113803|02162017|250|1|250
C00113803|02172017|550|2|1100
C00113803|02182017|625|2|1250
C00113803|02202017|1000|2|2000
C00113803|02222017|1000|3|2250
C00113803|02232017|1000|1|1000
C00113803|02242017|750|2|1500
C00113803|02262017|500|1|500
C00113803|02272017|375|2|750
C00113803|02282017|500|12|6390
C00114090|01132017|400|24|11370
C00114694|02142017|208|8|1412
C00114694|02162017|5000|2|10000
C00114694|02272017|208|9|1474
C00117424|02282017|140|23|4986
C00118943|01302017|2500|1|2500
C00118943|01312017|384|16|5431
C00119008|02282017|200|25|6343
C00119776|02282017|126|10|1490
C00121582|01232017|375|2|750
C00121582|01312017|250|2|500
C00127258|02282017|192|3|499
C00128918|02102017|77|68|8089
C00128918|02242017|77|68|8089
C00130773|01092017|650|20|22024
C00130773|01262017|500|20|27331
C00131607|02032017|3000|1|3000
C00131607|02072017|400|2|800
C00131607|02162017|250|1|250
C00131607|02232017|630|1|630
C00141218|02282017|169|331|63977
C00142489|02242017|150|1|150
C00143560|01032017|1000|1|1000
C00143560|01202017|250|2|500
C00143560|01222017|250|1|250
C00143560|01302017|250|1|250
C00144766|02022017|5000|3|12500
C00144766|02072017|5000|3|11000
C00144766|02172017|500|1|500
C00144766|02222017|5000|14|70000
C00144766|02282017|5000|11|52500
C00145623|02012017|1500|2|3000
C00145623|02132017|1500|9|22500
C00145623|02172017|2250|2|4500
C00147231|02282017|400|12|4471
C00149104|02012017|250|1|250
C00149104|02022017|1250|1|1250
C00149104|02052017|1250|1|1250
C00149104|02152017|104|14|1844
C00149104|02212017|2500|1|2500
C00149104|02282017|104|14|1844
C00153031|02032017|300|1|300
C00153031|02062017|500|1|500
C00153031|02202017|1000|1|1000
C00153031|02282017|1000|1|1000
C00161786|01132017|1250|2|2500
C00161786|01172017|10|1|10
C00161786|01192017|250|3|750
C00163048|01112017|350|4|1749
C00163048|01192017|135|2|269
C00163048|01222017|20|1|20
C00163048|01232017|150|2|299
C00163048|01272017|199|4|1097
C00165159|02152017|2500|1|2500
C00165159|02282017|1000|1|1000
C00167213|02032017|712|2|1424
C00167213|02062017|65|1|65
C00167213|02092017|318|2|636
C00167213|02132017|424|3|4449
C00167213|02162017|750|2|1500
C00167213|02222017|200|3|1210
C00167213|02242017|125|4|1775
C00177436|02282017|230|29|7634
C00194126|02282017|377|4|1418
C00197749|02242017|234|12|3272
C00199703|01202017|200|8|1809
C00200139|02172017|384|2|768
C00200139|02272017|500|1|500
C00207258|01312017|416|2|832
C00207308|02012017|250|2|500
C00208983|02232017|108|7|1172
C00211318|01052017|675|2|1350
C00211318|01122017|750|39|63650
C00211318|01132017|500|12|11550
C00211318|01142017|500|3|2300
C00211318|01152017|3250|2|6500
C00211318|01162017|900|4|3550
C00211318|01172017|375|399|207170
C00211318|01182017|1125|2|2250
C00211318|01192017|300|1|300
C00211318|01202017|300|21|8450
C00211318|01212017|300|1|300
C00211318|01222017|500|1|500
C00211318|01232017|1000|3|4300
C00211318|01252017|875|2|1750
C00211318|01272017|500|1|500
C00211318|01302017|500|1|500
C00211318|01312017|5000|1|5000
C00212308|01312017|232|3|856
C00214304|01312017|335|2|670
C00214304|02282017|190|7|1530
C00219642|01112017|5000|6|25500
C00219642|01122017|750|1|750
C00219642|01192017|1000|3|6600
C00219642|01242017|5000|3|15000
C00219642|01312017|296|10|3224
C00219642|02092017|5000|1|5000
C00219642|02162017|5000|1|5000
C00219642|02232017|400|2|800
C00219642|02282017|416|116|47806
C00227744|02012017|750|2|1500
C00227744|02022017|750|1|750
C00227744|02032017|375|1|375
C00227744|02072017|250|1|250
C00227744|02132017|500|1|500
C00227744|02172017|525|2|1050
C00227744|02212017|500|3|1750
C00227744|02222017|500|3|1550
C00227744|02272017|750|3|2500
C00227744|02282017|500|912|483850
C00231076|01062017|250|1|250
C00239848|02012017|1000|13|20750
C00239848|02022017|500|1|500
C00239848|02062017|375|2|750
C00239848|02072017|208|2|416
C00239848|02132017|500|1|500
C00239848|02142017|1000|1|1000
C00239848|02152017|208|23|18391
C00239848|02272017|2500|1|2500
C00239848|02282017|208|21|8000
C00242271|02282017|200|14|3374
C00247403|02022017|1000|1|1000
C00247403|02052017|250|1|250
C00247403|02072017|1025|2|2050
C00247403|02082017|286|1|286
C00247403|02092017|225|1|225
C00247403|02142017|275|2|550
C00247403|02152017|250|1|250
C00247403|02162017|250|1|250
C00247403|02172017|500|3|5750
C00247403|02192017|188|2|375
C00247403|02202017|5400|3|11050
C00247403|02212017|250|1|250
C00247403|02262017|250|1|250
C00247403|02272017|250|6|1650
C00247403|02282017|350|3|1725
C00248716|01062017|105|2|210
C00248716|01192017|3000|2|6000
C00248716|01202017|134|69|10260
C00248716|01262017|5000|1|5000
C00248716|01272017|2000|1|2000
C00248716|01312017|250|1|250
C00250753|02152017|5000|1|5000
C00250753|02162017|365|1|365
C00250753|02222017|5000|1|5000
C00250753|02242017|365|1|365
C00250753|02272017|365|1|365
C00250753|02282017|5000|1|5000
C00253260|01012017|400|1|400
C00253260|01022017|400|1|400
C00253260|01032017|400|4|1600
C00253260|01042017|400|3|1800
C00253260|01052017|400|1|400
C00253260|01062017|600|3|1500
C00253260|01072017|373|10|3483
C00253260|01112017|400|4|1600
C00253260|01122017|40|12|1140
C00253260|01222017|100|2|200
C00253260|01272017|100|1|100
C00253260|01312017|5000|1|5000
C00255695|01012017|250|3|758
C00255695|01022017|250|1|250
C00255695|01032017|16825|2|33650
C00255695|01042017|250|1|250
C00255695|01062017|1125|2|2250
C00255695|01072017|250|1|250
C00255695|01092017|250|3|750
C00255695|01102017|875|2|1750
C00255695|01122017|500|1|500
C00255695|01132017|875|4|4000
C00255695|01152017|250|1|250
C00255695|01172017|875|2|1750
C00255695|01192017|500|2|1000
C00255695|01202017|50|1|50
C00255695|01222017|250|1|250
C00255695|01232017|250|5|1150
C00255695|01242017|250|5|1706
C00255695|01252017|250|1|250
C00255695|01272017|100|3|1150
C00255695|01282017|625|2|1250
C00255695|01302017|250|4|2050
C00264689|02122017|50|1|50
C00264689|02172017|250|1|250
C00264770|01152017|208|1|208
C00264770|01202017|375|2|750
C00264770|01222017|375|2|750
C00264770|01232017|500|2|1000
C00264770|01242017|500|1|500
C00264770|01272017|500|1|500
C00264770|01302017|208|1|208
C00264770|01312017|400|1|400
C00265603|01102017|350|1|350
C00270934|02012017|1500|1|1500
C00270934|02062017|1500|2|3000
C00270934|02082017|2000|2|4000
C00270934|02132017|5125|2|10250
C00270934|02152017|1500|1|1500
C00270934|02172017|1500|1|1500
C00270934|02212017|113|2|225
C00270934|02222017|1500|1|1500
C00270934|02232017|2500|3|6500
C00270934|02272017|800|2|1600
C00275529|02022017|600|1|600
C00275529|02142017|1361|1|1361
C00275529|02202017|2677|1|2677
C00275529|02282017|110|8|906
C00277541|01012017|250|1|250
C00277541|01042017|225|2|450
C00277541|01082017|100|1|100
C00277541|01102017|250|1|250
C00277541|01122017|500|5|2975
C00277541|01132017|238|2|475
C00277541|01152017|250|3|730
C00277541|01162017|160|1|160
C00277541|01172017|250|1|250
C00277541|01182017|250|1|250
C00277541|01192017|250|1|250
C00277541|01202017|400|3|1600
C00277541|01252017|250|1|250
C00277541|01262017|500|1|500
C00277541|01272017|2500|1|2500
C00277541|01292017|208|2|416
C00277541|01302017|235|1|235
C00277541|01312017|200|2|400
C00278275|03072017|424|5|2594
C00279331|02282017|185|29|6046
C00279380|01032017|501|1|501
C00279380|01112017|380|2|760
C00279380|01202017|250|1|250
C00279380|01242017|400|1|400
C00279380|01312017|300|11|3294
C00279455|01152017|208|7|1456
C00279455|01312017|208|15|2729
C00282566|02282017|135|2|270
C00283135|02012017|300|1|300
C00283135|02032017|168|2|335
C00283135|02052017|245|2|490
C00283135|02082017|625|4|2400
C00283135|02092017|128|6|1442
C00283135|02102017|600|3|2100
C00283135|02112017|515|2|1030
C00283135|02122017|2563|2|5125
C00283135|02132017|400|19|14825
C00283135|02142017|365|8|3405
C00283135|02152017|433|8|3680
C00283135|02162017|365|10|9335
C00283135|02182017|74|2|148
C00283135|02192017|85|1|85
C00283135|02202017|15|1|15
C00283135|02212017|1572|1|1572
C00283135|02222017|58|4|315
C00283135|02232017|85|15|2677
C00283135|02242017|30|1|30
C00283135|02252017|225|4|980
C00283135|02262017|85|3|212
C00283135|02272017|106|4|607
C00283135|02282017|150|60|9310
C00300418|02282017|200|18|11074
C00300731|01092017|500|1|500
C00303024|01262017|5000|2|10000
C00303024|01312017|384|33|11012
C00314617|01032017|400|2|800
C00314617|01092017|2000|1|2000
C00314617|01102017|400|1|400
C00320101|01312017|260|2|520
C00323048|01152017|208|18|3744
C00323048|01302017|5000|1|5000
C00323048|01312017|208|18|3744
C00325092|02282017|112|135|20435
C00325811|02282017|192|26|6363
C00332221|01252017|163|2|325
C00337626|01102017|214|2|428
C00337626|01132017|208|15|2964
C00337626|01312017|138|52|8795
C00340083|02062017|5000|1|5000
C00340083|02102017|5000|1|5000
C00340455|02282017|119|40|4937
C00342766|02282017|150|24|4999
C00342857|01022017|250|1|250
C00342907|01062017|206|1|206
C00342907|01132017|232|4|931
C00342907|01312017|1|2|2
C00363770|02202017|5000|2|10000
C00364778|02152017|85|32|3099
C00364778|02282017|85|33|3154
C00365072|01272017|115|32|4451
C00366468|02242017|300|13|8257
C00366559|02282017|211|24|5999
C00369090|02072017|4800|1|4800
C00369090|02162017|5000|2|10000
C00369090|02172017|384|9|2588
C00370122|02102017|500|1|500
C00372979|01252017|250|2|500
C00373217|02152017|1300|1|1300
C00373217|02282017|175|2|350
C00374066|02102017|100|1|100
C00374066|02162017|200|1|200
C00374066|02242017|200|3|650
C00374298|01132017|300|5|1650
C00376376|02032017|128|56|13109
C00376376|02172017|80|86|9902
C00376376|02242017|3750|2|7500
C00377002|02012017|200|1|200
C00377044|02282017|156|2|311
C00381954|02032017|168|2|335
C00381954|02172017|127|138|19702
C00383307|01312017|416|1|416
C00383307|02282017|416|1|416
C00383992|02172017|360|7|2076
C00387753|02282017|260|7|2074
C00388983|02282017|140|7|1130
C00389585|02282017|115|1|115
C00390351|02242017|150|18|3516
C00392134|02282017|500|5|2250
C00393173|02282017|209|24|9283
C00393728|01252017|2000|1|2000
C00398271|02282017|115|1|115
C00402669|01202017|307|12|3629
C00406124|01172017|1200|1|1200
C00406124|01182017|450|2|900
C00406124|01192017|300|3|1200
C00406124|01232017|900|2|1800
C00406124|01242017|300|1|300
C00406124|01262017|300|1|300
C00406124|01312017|600|1|600
C00406215|02012017|416|4|1664
C00406215|02032017|192|21|3189
C00406215|02172017|143|24|3359
C00409227|02282017|120|7|920
C00410068|01012017|2625|2|5250
C00410068|01032017|2500|2|5000
C00410068|01042017|2000|2|4000
C00410068|01072017|300|1|300
C00410068|01102017|500|1|500
C00410068|01242017|500|6|11475
C00410068|01312017|351|2|701
C00413856|02282017|155|8|1343
C00417063|02012017|3650|1|3650
C00417063|02082017|500|8|4550
C00417063|02102017|1000|3|2128
C00417063|02222017|60|1|60
C00417063|02242017|49|2|97
C00421230|02282017|190|19|4626
C00423442|02282017|300|13|3876
C00428052|01042017|1000|1|1000
C00428052|01062017|1000|1|1000
C00428052|01112017|2000|3|5000
C00428052|01132017|1750|2|3500
C00428052|01202017|2000|1|2000
C00428052|01272017|1000|1|1000
C00428110|02092017|167|16|2746
C00430157|01132017|208|1|208
C00430157|01242017|2500|1|2500
C00430157|01272017|192|8|1475
C00430884|02272017|1000|5|8750
C00430884|02282017|375|2|750
C00432765|01032017|1000|1|1000
C00435321|02152017|81|57|5390
C00435321|02282017|79|77|6565
C00436899|02282017|132|6|835
C00437566|02022017|75|4|325
C00437566|02162017|75|6|445
C00438754|02032017|100|41|5077
C00438754|02172017|80|59|6011
C00450692|01032017|5000|2|10000
C00450692|01062017|192|3|1384
C00450692|01172017|408|2|816
C00450692|01182017|2630|2|5260
C00450692|01232017|5000|1|5000
C00450692|01272017|192|10|1803
C00450692|01312017|192|5|960
C00455733|02272017|230|1|230
C00457242|02282017|208|26|5320
C00458257|01042017|500|12|8150
C00458257|01262017|5000|1|5000
C00459289|01202017|192|1|192
C00468801|02062017|348|2|695
C00469205|02062017|1000|3|6500
C00469205|02072017|1000|1|1000
C00469205|02102017|200|1|200
C00469205|02142017|750|2|1500
C00469205|02152017|145|31|13716
C00469205|02212017|650|2|1300
C00469205|02232017|1000|1|1000
C00469205|02252017|500|1|500
C00469205|02272017|1000|1|1000
C00469205|02282017|300|137|119020
C00478099|02032017|1000|1|1000
C00478099|02282017|250|28|7573
C00478404|02282017|125|27|4734
C00480863|01032017|5000|1|5000
C00480863|01042017|1000|5|12500
C00480863|01052017|250|1|250
C00480863|01062017|2625|2|5250
C00480863|01112017|375|2|750
C00480863|01122017|250|7|6250
C00480863|01132017|750|10|15000
C00480863|01162017|1500|3|6750
C00480863|01172017|250|4|1750
C00480863|01232017|500|7|8499
C00480863|01252017|5000|1|5000
C00481309|01202017|192|1|192
C00482372|02142017|15|2|30
C00482372|02192017|200|1|200
C00482372|02212017|350|3|1000
C00482372|02222017|350|1|350
C00482372|02242017|200|3|450
C00482372|02282017|275|2|550
C00484584|02062017|101|9|1225
C00484584|02212017|101|10|1285
C00489302|02282017|1500|1|1500
C00489948|01152017|208|1|208
C00493940|02282017|5000|1|5000
C00495630|02272017|-2700|1|-2700
C00496752|02282017|305|12|3540
C00507392|02282017|179|12|2576
C00529628|01282017|2500|1|2500
C00529628|01302017|1375|2|2750
C00529909|01132017|1000|1|1000
C00529909|01272017|192|4|680
C00531632|02232017|5000|1|5000
C00532705|01312017|300000|1|300000
C00542027|02142017|2000|1|2000
C00542027|02272017|1500|1|1500
C00545558|01202017|104|2|208
C00546234|01092017|416|1|416
C00546234|01102017|300|1|300
C00546234|01112017|300|5|1600
C00546234|01122017|1148|2|2295
C00546234|01132017|292|3|800
C00546234|01152017|1150|2|2300
C00546234|01162017|295|1|295
C00546234|01172017|2000|3|7500
C00546234|01182017|500|7|13117
C00546234|01192017|2500|5|10270
C00546234|01202017|1700|1|1700
C00546234|01212017|2000|1|2000
C00546234|01232017|2000|5|6583
C00546234|01242017|291|3|816
C00546234|01252017|5000|1|5000
C00546234|01262017|3500|1|3500
C00546234|01272017|398|2|795
C00546234|01282017|525|2|1050
C00546234|01292017|2750|2|5500
C00546234|01302017|1500|7|12002
C00546234|01312017|270|9|2422
C00547349|01012017|300|4|1850
C00547349|01202017|500|1|500
C00547349|01272017|750|1|750
C00548792|02272017|5000|1|5000
C00567685|01162017|25|4|105
C00570457|01022017|500|1|500
C00570457|01062017|250|1|250
C00570457|01122017|2500|1|2500
C00570457|01252017|2700|4|10800
C00570457|02012017|2600|2|5200
C00570457|02042017|250|1|250
C00570457|02062017|1000|1|1000
C00570457|02142017|2425|5|8500
C00570457|02242017|1850|2|3700
C00570986|11162015|2543|1|2543
C00570986|11242015|3436|1|3436
C00573253|02022017|900|1|900
C00573253|02152017|250|1|250
C00575449|01112017|2700|4|11506
C00575910|03152017|2700|3|2700
C00577072|01132017|208|5|1040
C00577072|01312017|208|5|936
C00577981|01032017|2500|2|5000
C00580563|01092017|2500|1|2500
C00580563|01102017|400|1|400
C00580563|01172017|363|2|725
C00580563|01182017|500|1|500
C00580563|01242017|250|1|250
C00581199|01052017|15|1|15
C00581199|01062017|27|1|27
C00581199|01122017|15|1|15
C00581199|01132017|27|1|27
C00581199|01192017|15|1|15
C00581199|01202017|26|2|52
C00581199|01262017|15|1|15
C00581199|01282017|35|1|35
C00581199|01302017|27|1|27
C00586859|02212017|115|3|355
C00586859|02222017|2500|1|2500
C00592436|02212017|1541|1|1541
C00600700|01242017|250|7|2500
C00600700|01262017|500|1|500
C00600700|01302017|500|1|500
C00600700|01312017|300|1|300
C00600700|02072017|500|1|500
C00600700|02092017|250|1|250
C00600700|02102017|500|1|500
C00600700|03022017|250|1|250
C00618736|01032017|250|1|250
C00618736|01112017|700|1|700
C00618736|01132017|25|1|25
C00618736|01162017|500|1|500
C00618736|01172017|25|1|25
C00618736|01212017|263|2|525
C00619601|01082017|500|1|500
C00619601|01112017|3000|1|3000
C00619601|01122017|1000|1|1000
C00623538|02272017|5329|1|5329
C00623884|01102017|100|2|200
C00623884|01112017|25|1|25
C00623884|01142017|500|1|500
C00623884|01202017|63|2|125
C00623884|01282017|250|1|250
C00625996|02032017|100|3|225
C00625996|02042017|27|1|27
C00625996|02062017|300|1|300
C00625996|02072017|63|2|125
C00625996|02082017|25|3|550
C00625996|02092017|3|1|3
C00625996|02102017|250|1|250
C00625996|02112017|800|3|1628
C00625996|02182017|100|1|100
C00625996|02202017|3|1|3
C00625996|02222017|100|7|825
C00625996|02272017|64|2|127
C00625996|02282017|100|1|100
C00628289|02232017|3480|1|3480
C00629055|02032017|600|1|600
